740,0,0
625,8,0
751,13,0
175,20,0
241,26,0
315,32,0
904,39,0
560,46,0
593,51,0
134,58,0
17,65,0
420,71,0
521,77,0
632,83,0
424,89,0
469,95,0
869,101,0
889,107,0
896,112,0
374,118,0
57,124,0
191,129,0
412,134,0
668,139,0
708,144,0
753,150,0
59,155,0
476,161,0
234,166,0
675,171,0
451,178,0
518,185,0
654,189,0
867,172,3
98,191,3
365,179,3
840,34,4
295,0,3
765,77,4
215,20,3
222,87,3
302,116,3
368,144,3
377,42,3
380,51,4
388,28,4
422,108,3
583,62,4
653,94,3
685,14,5
754,56,5
844,68,4
873,155,4
50,167,4
242,4,5
317,99,5
383,119,5
450,126,5
667,160,5
709,24,6
779,138,5
784,73,6
861,183,5
66,37,6
236,88,5
277,43,6
355,78,6
363,111,5
427,194,5
701,131,6
750,148,6
836,189,6
841,83,7
184,60,6
187,104,7
326,172,7
426,178,6
281,48,7
442,18,8
882,30,7
75,66,8
150,153,7
150,4,8
350,10,8
510,53,7
676,91,8
692,112,8
82,167,8
159,35,10
288,121,9
410,138,8
479,97,8
529,161,9
563,63,10
696,41,9
730,76,10
760,24,9
819,116,10
826,194,9
42,128,8
122,145,10
158,132,10
174,152,10
177,184,9
238,1,11
285,85,10
407,11,11
421,48,11
704,71,9
726,54,11
757,102,10
843,108,9
875,139,11
885,174,9
12,31,11
55,178,10
133,158,10
480,168,10
574,91,12
588,19,12
901,64,11
97,190,11
139,7,11
239,40,12
526,112,11
684,124,10
822,59,12
228,82,12
58,118,12
283,99,13
320,162,13
614,182,13
688,134,13
716,147,13
770,25,14
2,48,14
199,33,14
396,75,14
232,0,15
749,156,12
31,194,12
109,68,13
109,128,13
141,16,14
169,86,14
223,106,14
240,141,14
245,172,14
265,11,15
278,54,14
331,162,14
364,179,14
433,65,15
433,72,15
449,93,15
474,43,14
495,98,15
505,187,14
505,36,15
559,115,15
559,120,15
559,132,15
575,150,15
575,195,15
575,21,16
579,26,16
579,48,16
609,78,16
613,103,16
626,125,16
628,136,16
725,167,16
812,143,16
813,5,17
813,31,17
830,41,17
4,111,16
7,87,17
9,60,17
15,53,17
22,158,16
37,183,16
84,82,17
137,130,17
147,175,17
165,148,17
165,191,17
178,9,17
179,97,17
198,0,18
233,16,18
244,23,18
253,46,18
318,162,17
321,69,18
328,107,18
349,116,18
351,91,18
351,101,18
376,137,18
397,124,18
397,166,18
402,153,18
446,65,18
446,74,18
465,27,19
486,35,19
492,142,19
527,171,18
527,187,18
530,40,20
531,195,19
534,181,19
534,51,20
541,13,21
555,57,19
571,78,19
582,4,20
582,84,20
589,46,19
601,95,20
621,177,19
634,128,20
671,120,19
691,110,21
720,20,21
744,133,21
755,147,21
756,31,20
762,0,21
775,152,21
781,60,20
798,89,21
803,158,20
807,115,21
811,99,21
835,167,21
838,190,21
860,67,21
879,9,22
883,138,21
894,104,21
21,35,22
34,55,22
44,143,22
54,72,22
68,25,22
79,123,22
119,77,22
120,161,22
121,173,22
129,30,22
140,196,0
152,184,21
163,41,23
170,4,23
201,50,23
201,83,23
282,108,23
299,129,23
307,180,23
308,94,23
314,194,23
361,153,23
385,119,23
405,62,23
408,16,23
462,100,24
483,134,24
488,45,24
678,88,24
680,20,25
700,166,24
783,188,24
789,8,24
809,67,25
821,56,25
834,147,23
842,105,24
899,24,25
907,112,25
46,123,25
131,139,25
146,158,25
146,171,25
189,12,26
225,176,25
272,36,25
379,52,25
444,0,26
467,30,26
506,78,25
569,40,26
576,116,26
580,127,26
627,98,26
235,83,26
280,162,26
371,93,26
545,193,25
718,61,27
855,72,26
43,150,27
763,184,27
69,131,27
112,25,12
123,144,27
226,17,28
259,46,27
340,25,28
415,53,28
473,5,28
537,87,28
548,104,28
562,45,29
562,66,29
703,190,28
703,77,29
705,98,29
711,167,28
732,33,29
739,178,29
837,9,29
837,57,29
837,109,29
52,72,30
56,134,29
74,122,29
176,155,29
332,140,29
341,0,30
352,18,30
438,24,30
468,39,30
496,84,30
564,186,29
607,115,30
619,146,30
679,194,29
713,128,30
742,160,30
776,171,30
787,8,31
814,30,31
850,51,31
890,59,31
157,102,30
354,89,31
389,65,31
464,43,32
610,23,32
695,78,32
870,95,31
886,108,32
205,15,30
251,166,30
313,119,32
443,153,31
463,177,31
597,35,32
697,125,32
778,191,30
432,134,31
458,137,32
665,49,32
759,55,32
769,70,32
565,183,31
0,4,31
0,85,32
0,143,32
0,147,32
20,161,32
20,169,32
20,186,32
20,194,32
20,0,33
23,18,33
23,65,33
35,115,32
77,6,33
77,27,33
77,39,33
77,74,33
91,101,33
99,11,33
99,79,33
99,105,33
99,130,33
99,151,33
99,173,33
99,31,34
145,60,33
148,43,34
148,89,34
171,93,34
171,97,34
171,138,34
172,155,34
196,177,34
196,19,35
216,111,34
216,122,34
257,23,35
257,35,35
257,69,35
257,117,35
257,126,35
284,164,34
284,59,35
284,63,35
284,82,35
289,142,35
289,146,35
289,3,36
289,9,36
289,14,36
293,51,36
293,77,36
293,86,36
293,98,36
293,106,36
293,112,36
293,134,36
293,152,36
390,159,36
390,168,36
390,174,36
390,185,36
391,40,36
404,196,35
404,189,36
404,26,37
404,30,37
429,45,36
429,92,36
453,66,37
453,72,37
453,102,37
456,129,37
460,55,37
460,123,37
460,178,37
460,18,38
460,22,38
491,138,38
511,5,37
511,114,37
511,148,37
517,156,38
517,163,38
517,172,38
517,182,38
523,34,37
523,118,37
528,192,37
528,143,38
536,0,39
536,10,39
536,38,39
568,44,39
568,50,39
568,59,39
568,65,39
594,71,39
633,76,39
633,81,39
633,85,39
635,54,39
635,90,39
635,95,39
635,107,39
669,103,39
669,122,39
669,130,39
669,151,39
721,196,39
721,14,40
721,99,40
721,126,40
721,134,40
736,160,40
738,166,39
738,188,39
804,29,40
804,4,41
804,24,41
815,177,40
825,33,41
825,41,41
908,111,41
908,115,41
908,147,41
908,155,41
908,171,41
909,142,41
909,181,41
10,19,41
10,47,41
10,62,41
14,192,41
33,8,42
38,74,41
39,15,42
49,79,41
49,34,42
87,56,41
89,137,41
89,27,42
100,68,42
110,86,41
114,94,42
118,119,42
118,0,43
138,106,42
138,167,42
138,51,43
138,90,43
138,100,43
143,152,42
149,128,42
154,187,42
154,124,43
154,132,43
162,161,42
162,175,42
168,196,43
197,12,44
212,22,43
212,37,43
230,42,43
230,110,43
230,146,43
230,63,44
230,73,44
230,82,44
262,114,44
263,5,44
263,46,44
266,58,44
266,139,44
270,183,43
270,157,44
311,16,45
311,77,45
311,86,45
311,105,45
311,118,45
338,168,44
338,178,44
339,30,45
339,54,45
339,127,45
345,153,45
345,162,45
345,173,45
358,191,45
358,9,46
395,96,45
395,135,45
395,24,46
409,39,46
413,50,46
425,1,46
425,67,46
428,92,46
428,143,46
435,101,46
437,195,45
437,109,46
440,149,46
440,186,46
440,20,47
470,182,46
470,6,47
485,34,47
493,43,47
501,60,47
501,79,47
509,122,47
546,131,47
546,13,48
581,64,48
598,72,47
599,165,47
599,83,48
611,113,47
611,156,47
611,28,48
617,55,48
617,128,48
637,97,48
650,135,48
663,169,48
666,176,48
672,88,47
672,103,48
674,93,48
674,144,48
682,117,49
686,160,49
686,190,49
698,148,49
723,38,48
772,2,49
797,196,48
823,7,49
823,123,49
827,51,49
845,21,49
858,12,50
862,46,49
862,75,49
868,42,49
891,181,48
19,17,50
19,68,50
25,152,49
30,107,50
51,30,50
81,111,50
106,185,49
106,89,50
116,133,50
125,164,49
173,137,50
182,172,50
274,25,51
274,34,51
290,57,51
342,84,50
353,79,51
362,156,51
387,188,51
398,62,51
490,71,51
519,38,52
519,93,52
572,127,51
600,97,52
608,101,52
612,168,51
630,0,52
641,115,52
644,143,51
645,50,51
647,4,52
661,177,51
673,122,52
689,147,52
794,181,52
852,8,52
852,151,52
887,193,51
893,15,53
190,45,52
642,20,53
727,66,53
847,75,53
863,105,53
300,87,53
392,160,53
41,131,53
41,29,54
60,82,54
60,109,54
60,136,54
60,164,54
63,52,54
63,170,54
63,184,54
63,195,54
73,9,55
73,24,55
73,34,55
107,175,53
107,39,54
107,91,54
107,125,54
107,141,54
107,154,54
113,57,55
113,70,55
113,97,55
113,118,55
113,179,55
113,189,55
113,0,56
113,43,56
153,149,55
166,15,56
166,75,56
166,80,56
166,102,56
166,107,56
181,50,56
186,64,56
186,113,56
188,129,56
188,134,56
188,163,56
188,168,56
188,174,56
188,5,57
188,10,57
188,20,57
188,25,57
192,194,56
192,30,57
194,35,57
194,55,57
218,85,57
218,90,57
243,69,57
255,122,57
255,139,57
258,95,57
258,144,57
258,153,57
275,158,57
275,184,57
275,179,58
301,41,58
301,48,58
301,61,58
301,74,58
309,117,57
327,79,58
327,101,58
327,106,58
327,111,58
327,189,58
327,195,58
333,87,58
334,0,59
452,15,59
452,31,59
452,92,59
452,123,59
452,128,59
454,133,59
497,138,59
497,145,59
497,150,59
497,159,59
500,51,59
522,164,59
553,169,59
553,174,59
553,5,60
553,10,60
553,20,60
553,25,60
553,36,60
573,56,60
573,66,60
573,71,60
573,97,60
587,44,60
587,82,60
587,114,60
590,76,60
590,103,60
590,108,60
591,119,60
591,184,60
591,194,60
591,30,61
591,61,61
649,87,61
649,125,61
649,130,61
651,52,61
670,153,60
670,178,60
690,14,61
690,39,61
690,93,61
690,141,61
693,135,61
693,146,61
693,160,61
731,189,61
731,0,62
731,165,62
758,47,62
758,75,62
758,102,62
758,107,62
788,170,61
788,6,62
788,21,62
788,26,62
788,57,62
788,67,62
788,81,62
824,116,62
824,155,62
824,180,62
848,34,62
848,185,62
848,193,62
874,16,63
874,41,63
874,86,63
874,95,63
881,62,63
881,121,63
881,126,63
881,133,63
895,111,63
895,144,63
5,49,63
11,150,63
18,161,63
18,171,63
29,1,64
36,9,64
47,27,64
61,32,64
62,56,64
72,68,64
72,73,64
72,100,64
85,79,64
85,106,64
126,90,64
126,115,64
126,137,64
128,176,64
132,156,64
142,187,64
142,195,64
142,14,65
142,21,65
142,37,65
151,42,65
151,61,65
156,84,65
156,129,65
156,164,65
185,122,65
185,145,65
185,151,65
200,181,65
206,170,65
207,0,66
208,5,66
214,47,66
231,95,66
246,53,66
246,107,66
256,191,66
268,140,66
268,159,66
271,186,66
291,77,66
291,117,66
291,10,67
306,20,67
306,26,67
312,65,66
323,31,67
323,70,67
325,36,67
329,89,67
329,100,67
329,112,67
346,134,67
346,169,67
356,41,67
356,60,67
369,175,67
370,15,67
416,123,67
434,146,67
434,152,67
436,81,67
441,128,68
441,157,68
441,164,68
441,180,68
448,4,68
448,48,68
455,194,68
455,23,69
472,94,67
489,54,68
489,101,68
543,106,68
543,28,69
550,141,68
550,59,69
586,65,69
602,33,69
602,40,69
622,113,68
623,87,68
629,75,69
629,118,69
638,135,69
638,170,69
638,185,69
643,80,69
646,7,70
648,12,70
648,17,70
648,70,70
656,151,69
687,2,70
694,49,70
694,91,70
694,96,70
694,107,70
707,176,69
707,122,70
707,129,70
715,146,70
724,155,70
724,162,70
741,193,70
746,22,71
746,27,71
752,44,71
752,54,71
817,66,71
871,34,71
877,83,70
900,101,71
1,112,71
13,190,69
13,88,71
28,140,71
32,117,71
101,181,70
101,41,71
108,59,72
202,168,71
213,75,72
221,134,72
286,126,70
286,144,71
292,80,72
310,159,71
344,186,71
394,173,71
394,1,72
403,106,72
430,5,72
447,147,72
447,153,72
475,8,72
520,47,72
533,176,72
549,50,72
549,65,72
549,92,72
557,16,72
557,95,72
557,163,72
557,194,72
557,197,72
577,21,73
615,13,73
615,30,73
615,44,73
615,54,73
615,69,73
615,72,73
615,83,73
639,36,73
652,98,73
660,129,73
729,111,74
761,122,73
761,139,73
761,166,73
774,57,74
774,76,74
790,116,74
816,189,73
853,25,74
854,103,74
854,149,74
903,125,74
905,183,72
905,169,73
905,18,74
906,7,75
3,33,74
48,134,75
94,62,74
254,108,75
296,154,75
303,87,75
303,158,75
347,176,75
401,161,74
478,146,75
503,36,76
524,12,75
524,51,75
592,66,75
657,1,76
719,179,75
719,21,76
719,41,76
747,91,75
805,97,76
828,190,75
833,129,76
851,24,77
876,112,76
892,115,76
902,142,76
24,57,77
88,73,76
183,76,77
264,182,77
484,44,77
532,121,77
884,134,78
808,5,78
512,193,77
6,172,76
6,83,77
6,102,77
6,149,77
6,15,78
6,29,78
6,38,78
6,69,78
6,77,78
6,125,78
6,163,78
6,167,78
6,182,78
6,186,78
6,0,79
6,7,79
6,33,79
6,44,79
6,53,79
6,59,79
6,64,79
6,81,79
6,93,79
6,97,79
6,106,79
6,118,79
6,129,79
16,134,79
16,172,79
40,190,79
40,11,80
40,24,80
76,73,80
76,85,80
76,138,80
76,144,80
76,150,80
96,196,79
96,48,80
96,101,80
96,110,80
96,122,80
96,133,80
96,156,80
96,160,80
96,171,80
96,178,80
96,193,80
96,4,81
96,14,81
96,18,81
96,23,81
96,27,81
96,31,81
96,37,81
96,41,81
96,57,81
96,68,81
96,79,81
96,91,81
96,114,81
96,126,81
96,164,81
96,168,81
96,175,81
96,182,81
96,186,81
96,190,81
96,0,82
96,8,82
209,119,75
209,50,81
209,61,81
209,95,81
209,103,81
209,20,82
209,33,82
209,43,82
209,52,82
209,63,82
209,70,82
209,74,82
209,81,82
209,85,82
209,97,82
209,105,82
209,116,82
209,128,82
209,135,82
209,139,82
229,143,82
237,109,82
237,121,82
237,149,82
237,153,82
237,157,82
237,161,82
237,172,82
237,179,82
237,194,82
237,5,83
237,13,83
237,24,83
237,28,83
237,38,83
237,56,83
237,90,83
237,165,83
237,183,83
237,187,83
237,1,84
237,9,84
237,46,84
237,66,84
237,77,84
237,100,84
237,110,84
237,119,84
237,124,84
237,131,84
237,142,84
237,147,84
237,170,84
237,175,84
237,192,84
237,14,85
237,18,85
237,22,85
237,29,85
237,33,85
247,41,85
247,50,85
247,59,85
247,70,85
247,81,85
247,85,85
247,93,85
247,104,85
247,114,85
247,135,85
247,151,85
247,155,85
247,159,85
247,179,85
247,196,85
247,4,86
247,37,86
247,54,86
247,89,86
247,127,86
247,163,86
247,183,86
247,187,86
247,0,87
247,8,87
247,25,87
261,45,86
261,58,86
261,64,86
261,72,86
261,76,86
261,95,86
261,99,86
261,106,86
261,118,86
261,123,86
261,137,86
261,141,86
261,146,86
294,169,86
294,174,86
294,191,86
294,13,87
294,17,87
294,21,87
294,32,87
294,110,87
294,131,87
294,39,88
294,47,88
294,51,88
294,60,88
319,80,87
319,150,87
319,178,87
319,195,87
319,68,88
319,84,88
319,88,88
319,114,88
319,154,88
319,158,88
319,162,88
319,167,88
319,175,88
319,182,88
319,192,88
319,4,89
319,22,89
319,30,89
319,43,89
319,55,89
336,122,88
336,145,88
336,10,89
336,72,89
366,92,89
366,98,89
366,104,89
373,35,89
373,64,89
373,118,89
373,127,89
373,134,89
373,138,89
373,171,89
373,186,89
373,0,90
373,15,90
373,19,90
373,26,90
373,77,90
373,81,90
373,91,90
373,97,90
373,103,90
378,48,90
378,142,90
381,111,89
381,40,90
381,59,90
381,122,90
381,148,90
381,179,90
381,196,90
381,8,91
381,34,91
381,63,91
381,68,91
381,72,91
381,85,91
381,107,91
381,116,91
381,126,91
381,132,91
381,136,91
381,152,91
384,164,90
384,189,90
384,45,91
384,52,91
384,156,91
384,160,91
384,167,91
384,173,91
384,182,91
384,192,91
384,2,92
384,11,92
384,18,92
384,22,92
384,28,92
384,37,92
384,48,92
384,55,92
384,76,92
384,80,92
384,90,92
384,96,92
384,102,92
384,110,92
384,119,92
384,139,92
384,143,92
384,176,92
384,185,92
384,5,93
384,14,93
384,31,93
384,40,93
431,59,93
431,123,93
431,147,93
431,196,93
431,44,94
431,63,94
431,67,94
431,71,94
431,84,94
431,106,94
431,114,94
431,127,94
431,131,94
431,135,94
431,151,94
431,155,94
431,159,94
431,163,94
431,167,94
431,171,94
431,180,94
431,189,94
477,18,95
477,24,95
499,1,94
499,10,94
499,36,94
499,50,94
499,54,94
499,75,94
499,89,94
499,95,94
499,101,94
499,118,94
499,175,94
499,184,94
499,193,94
499,30,95
513,79,95
513,139,95
516,58,95
540,5,96
567,41,95
567,109,95
567,121,95
567,144,95
567,13,96
567,18,96
567,24,96
567,33,96
567,47,96
567,82,96
567,87,96
567,92,96
567,98,96
567,104,96
567,112,96
567,124,96
567,147,96
567,178,96
567,187,96
567,196,96
567,0,97
567,5,97
567,27,97
567,36,97
567,42,97
567,50,97
567,54,97
567,58,97
567,62,97
567,66,97
567,70,97
567,74,97
567,78,97
567,115,97
567,127,97
616,131,97
616,137,97
618,151,97
618,155,97
618,159,97
618,163,97
618,167,97
618,171,97
618,182,97
618,191,97
618,9,98
618,108,98
618,119,98
618,131,98
618,137,98
618,143,98
618,13,99
618,17,99
618,21,99
618,31,99
618,46,99
618,82,99
618,86,99
659,90,99
659,96,99
659,102,99
714,38,99
714,123,99
714,147,99
714,154,99
714,158,99
714,162,99
714,166,99
714,170,99
714,174,99
714,178,99
714,184,99
714,190,99
714,194,99
714,0,100
714,4,100
714,8,100
714,25,100
714,42,100
714,50,100
728,114,99
728,54,100
728,58,100
728,62,100
728,66,100
728,70,100
728,74,100
728,78,100
728,106,100
728,110,100
728,118,100
728,127,100
728,132,100
728,136,100
728,141,100
728,12,101
728,19,101
728,29,101
728,33,101
728,37,101
728,84,101
728,88,101
728,92,101
728,96,101
728,100,101
728,122,101
728,146,101
792,178,101
792,184,101
792,194,101
793,150,101
793,44,102
793,80,102
793,112,102
793,129,102
793,138,102
793,154,102
793,158,102
793,162,102
793,166,102
793,170,102
793,174,102
793,188,102
793,0,103
793,4,103
793,8,103
793,14,103
793,21,103
793,25,103
793,39,103
793,48,103
793,52,103
793,56,103
793,60,103
793,64,103
793,68,103
793,72,103
793,76,103
793,102,103
793,106,103
793,116,103
793,124,103
793,133,103
793,142,103
793,148,103
793,178,103
793,182,103
793,192,103
793,196,103
796,17,104
796,28,104
796,32,104
796,42,104
796,83,104
796,87,104
796,91,104
796,95,104
796,109,104
796,119,104
796,127,104
796,136,104
796,151,104
796,185,104
796,11,105
796,35,105
796,45,105
796,79,105
806,18,105
806,96,105
806,100,105
806,110,105
806,114,105
806,120,105
806,128,105
806,137,105
806,145,105
806,152,105
806,156,105
806,160,105
806,164,105
806,168,105
806,172,105
806,176,105
806,186,105
806,190,105
806,0,106
806,4,106
806,12,106
806,21,106
806,36,106
810,49,106
810,53,106
810,57,106
810,61,106
810,65,106
810,69,106
810,73,106
810,104,106
810,132,106
810,141,106
810,180,106
810,194,106
810,25,107
810,29,107
810,40,107
810,80,107
810,84,107
810,88,107
810,92,107
810,123,107
810,148,107
810,7,108
810,15,108
810,44,108
810,76,108
810,96,108
810,100,108
810,107,108
810,111,108
810,115,108
810,119,108
810,127,108
810,135,108
810,144,108
810,152,108
810,156,108
846,160,108
846,164,108
846,168,108
846,172,108
846,176,108
846,184,108
846,188,108
846,0,109
846,11,109
846,19,109
846,33,109
846,37,109
846,48,109
846,52,109
846,56,109
846,60,109
846,64,109
846,68,109
846,72,109
846,131,109
846,139,109
846,180,109
846,192,109
846,196,109
846,4,110
846,23,110
865,5,56
865,27,110
865,41,110
865,80,110
865,84,110
865,88,110
865,92,110
865,104,110
865,123,110
865,148,110
865,8,111
865,15,111
865,45,111
865,76,111
865,96,111
865,100,111
865,108,111
865,112,111
878,32,111
878,39,111
878,116,111
878,120,111
878,127,111
878,133,111
878,138,111
878,143,111
878,152,111
878,156,111
878,160,111
878,164,111
878,168,111
878,172,111
878,176,111
878,182,111
878,186,111
878,191,111
878,0,112
878,6,112
878,12,112
878,19,112
878,25,112
878,49,112
878,53,112
878,57,112
878,61,112
878,65,112
898,69,111
898,195,111
898,73,112
898,30,113
898,35,113
898,40,113
898,79,113
898,83,113
898,87,113
898,91,113
898,103,113
898,121,113
898,125,113
898,131,113
898,136,113
898,141,113
898,146,113
898,150,113
898,177,113
898,187,113
898,192,113
898,196,113
898,1,114
898,7,114
898,13,114
898,17,114
898,23,114
898,44,114
898,66,114
898,70,114
898,74,114
898,95,114
898,99,114
898,107,114
898,111,114
898,115,114
898,154,114
898,158,114
898,162,114
898,166,114
898,170,114
898,181,114
898,27,115
898,31,115
898,36,115
898,48,115
898,52,115
898,56,115
898,60,115
898,78,115
898,82,115
898,86,115
898,90,115
898,120,115
898,124,115
898,128,115
898,132,115
898,137,115
898,142,115
898,147,115
64,174,115
64,186,115
64,191,115
67,102,115
67,195,115
67,0,116
67,4,116
67,8,116
67,12,116
67,16,116
67,20,116
67,39,116
67,43,116
67,63,116
67,67,116
70,151,116
70,178,116
70,24,117
71,71,117
71,94,117
83,106,116
83,35,117
83,47,117
83,77,117
83,110,117
90,114,117
90,155,117
95,98,117
95,134,117
103,143,24
103,162,116
103,166,116
103,170,116
103,183,116
103,29,117
103,52,117
103,56,117
103,60,117
103,82,117
103,86,117
103,90,117
103,120,117
103,124,117
103,128,117
103,139,117
103,142,117
103,147,117
103,180,117
103,26,118
103,32,118
103,75,118
103,93,118
103,102,118
103,131,118
103,173,118
103,186,118
103,189,118
136,151,0
136,70,118
136,192,118
136,195,118
136,0,119
136,3,119
136,6,119
136,9,119
136,12,119
136,15,119
136,18,119
136,21,119
136,38,119
136,41,119
136,44,119
136,63,119
136,66,119
136,105,119
136,108,119
136,113,119
136,116,119
136,150,119
136,153,119
136,156,119
136,159,119
136,176,119
136,35,120
136,47,120
136,78,120
136,96,120
136,99,120
136,134,120
136,144,120
136,162,120
210,165,120
210,169,120
210,182,120
210,28,121
210,50,121
210,54,121
210,58,121
210,81,121
210,85,121
219,120,120
219,124,120
219,137,120
219,24,121
219,73,121
219,89,121
219,102,121
219,129,121
219,147,121
220,187,121
220,192,121
220,0,122
220,6,122
220,12,122
220,18,122
220,32,122
220,38,122
220,44,122
220,63,122
224,179,120
224,111,121
224,141,121
224,174,121
224,69,122
224,93,122
224,119,122
224,196,122
224,23,123
224,72,123
224,106,123
224,109,123
224,114,123
224,122,123
224,125,123
224,128,123
224,137,123
224,151,123
227,154,123
227,158,123
227,165,123
250,169,123
250,182,123
250,26,124
250,48,124
250,52,124
305,176,123
305,3,124
343,9,124
343,15,124
343,35,124
343,41,124
343,56,124
343,60,124
348,78,123
348,82,123
348,96,123
348,86,124
348,90,124
348,100,124
348,131,124
348,141,124
348,145,124
359,189,123
359,65,124
359,161,124
359,179,124
359,185,124
359,192,124
359,18,125
359,29,125
359,44,125
359,74,125
359,103,125
359,111,125
359,116,125
406,155,125
406,166,125
406,170,125
406,25,126
406,49,126
406,68,126
406,78,126
406,82,126
406,91,126
406,95,126
406,132,126
406,146,126
406,174,126
406,188,126
417,196,126
417,0,127
417,4,127
417,8,127
417,12,127
417,33,127
417,37,127
417,53,127
418,120,126
418,22,127
418,41,127
418,57,127
418,60,127
418,63,127
418,86,127
418,99,127
418,107,127
418,123,127
418,126,127
418,129,127
418,136,127
418,139,127
418,142,127
418,150,127
418,153,127
418,159,127
418,162,127
418,178,127
439,182,126
439,15,127
439,71,127
439,184,127
439,191,127
439,17,128
439,28,128
439,43,128
439,46,128
439,65,128
439,73,128
439,76,128
439,88,128
439,101,128
439,104,128
439,109,128
439,112,128
439,115,128
439,144,128
439,155,128
459,165,128
494,79,129
498,171,128
498,49,129
498,91,129
498,95,129
498,132,129
498,187,129
498,194,129
504,118,129
504,0,130
504,4,130
504,8,130
504,20,130
504,31,130
504,35,130
504,39,130
504,53,130
504,82,130
504,148,130
504,165,130
504,169,130
504,176,130
525,12,131
525,24,131
525,57,131
525,61,131
547,68,131
547,122,131
547,126,131
547,136,131
547,140,131
547,158,131
547,180,131
547,16,132
547,43,132
554,47,132
556,78,131
556,190,131
556,72,132
556,85,132
556,89,132
556,93,132
558,197,130
558,98,131
558,106,131
558,118,131
558,132,131
558,151,131
558,162,131
558,172,131
558,184,131
558,187,131
558,194,131
558,0,132
558,4,132
558,8,132
558,20,132
558,27,132
558,31,132
558,35,132
558,39,132
558,53,132
558,64,132
558,82,132
558,101,132
558,109,132
558,112,132
558,115,132
558,129,132
558,143,132
558,148,132
558,154,132
558,165,132
558,169,132
558,176,132
558,47,133
558,75,133
558,120,133
561,11,134
561,23,134
578,56,134
578,123,134
603,66,134
603,78,134
603,103,134
603,134,134
603,138,134
604,157,134
606,95,134
606,179,134
606,190,134
606,15,135
631,42,135
631,50,135
631,70,135
631,85,135
636,89,135
636,151,135
636,172,135
636,183,135
636,194,135
636,0,136
636,4,136
636,9,136
636,19,136
636,24,136
636,28,136
658,143,135
658,32,136
658,54,136
681,61,135
681,162,135
699,116,135
699,130,135
699,166,135
699,38,136
699,80,136
699,94,136
699,98,136
699,105,136
699,109,136
699,121,136
706,187,135
706,44,136
706,72,136
706,113,136
706,125,136
706,140,136
706,155,136
706,158,136
710,177,136
710,13,137
710,65,137
710,75,137
712,148,136
712,169,136
712,190,136
712,197,136
712,47,137
712,59,137
712,101,137
712,128,137
712,133,137
712,136,137
712,143,137
712,180,137
712,7,138
712,16,138
722,21,138
722,30,138
733,50,138
735,34,138
735,41,138
735,56,138
735,62,138
735,69,138
735,83,138
735,86,138
735,89,138
735,92,138
735,116,138
735,119,138
735,151,138
735,161,138
735,164,138
735,172,138
735,183,138
735,193,138
735,0,139
735,3,139
735,10,139
735,25,139
735,37,139
766,78,139
766,95,139
766,104,139
766,108,139
766,175,139
766,186,139
766,49,140
766,65,140
766,72,140
773,112,140
773,122,140
773,129,140
773,137,140
773,144,140
773,154,140
773,167,140
777,13,140
777,44,140
777,53,140
777,148,140
777,158,140
777,190,140
777,196,140
777,19,141
777,22,141
777,28,141
777,31,141
777,59,141
777,99,141
777,126,141
777,133,141
777,141,141
777,179,141
777,6,142
777,16,142
777,34,142
777,40,142
780,55,142
780,68,142
780,75,142
785,79,142
785,83,142
785,87,142
785,91,142
785,95,142
785,102,142
785,106,142
801,187,141
801,193,141
801,10,142
801,25,142
801,47,142
801,63,142
801,113,142
801,117,142
801,123,142
801,130,142
801,138,142
801,145,142
801,155,142
801,161,142
801,168,142
801,172,142
801,176,142
829,182,142
829,0,143
829,37,143
829,151,143
849,43,144
856,186,144
856,192,144
857,9,144
857,19,144
857,31,144
857,49,144
857,59,144
857,80,144
864,13,145
866,4,143
866,72,143
866,110,143
866,165,143
866,65,144
866,119,144
866,147,144
866,157,144
866,23,145
866,26,145
866,53,145
866,56,145
866,68,145
866,75,145
866,84,145
866,87,145
866,90,145
866,93,145
866,96,145
866,99,145
872,103,144
872,122,144
872,129,144
880,113,145
880,133,145
880,137,145
880,141,145
880,160,145
880,168,145
880,172,145
880,176,145
880,180,145
880,184,145
880,191,145
880,0,146
880,34,146
888,107,145
888,126,145
888,8,146
888,18,146
888,30,146
888,38,146
888,41,146
888,48,146
888,79,146
888,150,146
888,153,146
888,188,146
888,195,146
888,4,147
888,11,147
888,44,147
888,59,147
888,62,147
888,71,147
888,102,147
888,110,147
888,113,147
888,117,147
888,122,147
888,129,147
888,133,147
888,137,147
888,141,147
888,145,147
888,160,147
65,164,147
65,14,148
65,33,148
65,65,148
65,105,148
65,156,148
80,168,148
102,21,148
102,51,148
102,82,148
102,172,148
102,175,148
102,178,148
102,181,148
102,184,148
102,191,148
105,0,149
105,24,149
105,54,149
115,74,149
115,85,149
115,88,149
115,91,149
115,94,149
115,97,149
135,125,149
135,6,150
155,196,149
160,18,150
160,28,150
180,37,150
195,40,150
195,47,150
204,77,149
204,148,149
204,69,150
204,100,150
211,119,149
211,151,150
211,162,150
211,165,150
211,186,150
211,193,150
211,3,151
211,9,151
211,12,151
252,15,151
279,31,151
304,43,151
316,57,151
316,61,151
324,65,151
335,104,151
357,108,151
375,155,150
375,112,151
386,129,150
386,133,150
386,137,150
386,141,150
386,80,151
386,145,151
386,168,151
386,189,151
393,116,150
393,50,151
393,122,151
400,158,151
400,20,152
414,0,152
414,24,152
414,53,152
414,77,152
414,125,152
419,172,152
419,175,152
419,178,152
419,181,152
419,196,152
457,6,153
457,31,153
457,34,153
457,69,153
471,72,153
655,84,153
655,88,153
655,92,153
655,96,153
683,100,153
683,119,153
683,128,153
683,131,153
683,134,153
683,137,153
717,140,153
717,148,153
717,153,153
717,17,154
717,27,154
717,37,154
717,40,154
734,63,153
734,103,153
764,43,154
764,56,154
764,80,154
795,47,154
800,60,154
800,66,154
800,106,154
800,109,154
800,112,154
800,115,154
859,143,154
859,156,154
897,159,154
897,163,154
897,167,154
897,184,154
910,188,154
910,192,154
322,2,155
322,9,155
322,12,155
322,20,155
322,50,155
322,122,155
411,84,155
411,88,155
482,23,156
551,53,156
551,75,156
551,91,156
584,95,156
584,125,156
748,170,156
831,174,156
831,177,156
831,180,156
831,196,156
832,183,156
566,5,157
566,30,157
818,146,154
818,151,154
818,15,155
8,161,156
8,189,156
8,40,157
8,60,157
8,66,157
8,79,157
8,98,157
8,115,157
8,128,157
8,133,157
8,138,157
8,156,157
130,164,157
130,25,158
130,33,158
130,43,158
130,55,158
130,69,158
130,101,158
130,106,158
130,141,158
130,159,158
130,185,158
130,190,158
130,0,159
130,8,159
130,17,159
130,36,159
130,46,159
130,58,159
130,63,159
130,72,159
130,77,159
144,82,159
144,87,159
144,111,159
144,116,159
144,128,159
144,133,159
144,153,159
144,164,159
144,169,159
144,22,160
144,41,160
144,51,160
144,92,160
144,97,160
144,102,160
144,121,160
144,138,160
144,143,160
144,148,160
144,158,160
144,174,160
144,179,160
144,184,160
144,189,160
164,40,0
164,108,160
164,194,160
164,0,161
164,5,161
164,10,161
164,15,161
164,23,161
164,28,161
164,33,161
164,38,161
164,46,161
164,52,161
164,57,161
164,62,161
164,67,161
164,72,161
164,77,161
164,82,161
164,87,161
167,113,160
167,126,160
167,166,160
167,94,161
167,99,161
167,104,161
167,118,161
167,130,161
167,135,161
167,140,161
167,145,161
167,150,161
167,155,161
167,160,161
167,171,161
167,176,161
167,181,161
167,186,161
167,191,161
167,19,162
167,42,162
167,108,162
167,113,162
167,122,162
167,164,162
167,195,162
167,0,163
167,5,163
167,10,163
167,23,163
167,28,163
167,33,163
249,47,163
249,52,163
249,57,163
249,62,163
249,67,163
249,72,163
249,77,163
249,82,163
249,87,163
249,92,163
249,97,163
249,102,163
249,127,163
249,132,163
249,137,163
249,142,163
249,147,163
249,152,163
249,157,163
249,169,163
249,174,163
249,179,163
249,184,163
249,189,163
249,15,164
269,38,164
269,43,164
269,107,164
269,112,164
269,117,164
269,122,164
269,162,164
269,167,164
269,194,164
269,0,165
269,5,165
269,10,165
269,20,165
269,25,165
269,30,165
269,48,165
269,53,165
269,58,165
269,63,165
269,68,165
269,73,165
269,78,165
269,83,165
269,88,165
269,93,165
269,98,165
269,103,165
269,127,165
276,132,165
276,137,165
276,142,165
276,147,165
276,152,165
276,157,165
276,171,165
276,176,165
276,181,165
276,186,165
276,14,166
276,34,166
276,39,166
276,44,166
276,107,166
276,112,166
276,117,166
297,192,165
297,19,166
297,122,166
297,159,166
297,164,166
297,169,166
297,188,166
297,0,167
297,5,167
297,12,167
297,24,167
399,51,166
399,56,166
399,61,166
399,66,166
399,71,166
399,76,166
399,81,166
399,86,166
399,91,166
399,96,166
399,101,166
399,130,166
399,135,166
399,140,166
399,145,166
487,195,166
487,29,167
487,45,167
487,118,167
487,125,167
487,148,167
487,153,167
487,172,167
487,177,167
487,182,167
487,8,168
487,15,168
487,20,168
487,32,168
487,37,168
487,48,168
487,53,168
487,58,168
487,63,168
487,68,168
487,73,168
487,78,168
487,83,168
487,88,168
487,93,168
487,98,168
487,103,168
487,108,168
487,113,168
487,128,168
487,133,168
487,138,168
487,143,168
487,156,168
786,161,168
786,166,168
786,187,168
786,192,168
786,0,169
786,25,169
786,42,169
786,118,169
786,123,169
786,148,169
786,171,169
786,176,169
786,181,169
786,5,170
786,10,170
786,15,170
786,20,170
786,30,170
786,35,170
786,47,170
786,52,170
786,57,170
786,62,170
786,67,170
786,72,170
786,77,170
786,82,170
786,87,170
786,92,170
786,97,170
786,102,170
786,107,170
26,195,169
27,186,169
27,41,170
27,112,170
27,117,170
27,128,170
27,133,170
27,138,170
27,143,170
27,153,170
27,158,170
53,163,170
53,168,170
78,0,171
78,25,171
78,46,171
78,122,171
78,148,171
78,173,171
78,178,171
93,183,171
93,188,171
93,193,171
93,5,172
93,10,172
93,15,172
93,20,172
93,30,172
93,35,172
93,40,172
104,51,171
104,56,171
104,61,171
104,66,171
104,71,171
104,76,171
104,81,171
104,86,171
260,90,172
260,95,172
260,100,172
298,105,172
298,110,172
298,115,172
367,126,172
367,131,172
382,136,172
382,141,172
382,153,172
502,158,172
502,163,172
514,168,172
552,0,173
552,23,173
552,43,173
552,48,173
552,53,173
570,58,173
570,63,173
702,68,173
702,73,173
702,78,173
702,83,173
702,120,173
702,146,173
768,172,173
768,177,173
768,182,173
768,187,173
768,192,173
768,4,174
771,9,174
771,14,174
771,28,174
771,33,174
771,38,174
782,88,174
782,93,174
782,98,174
782,103,174
782,108,174
782,113,174
782,125,174
782,130,174
217,135,174
360,140,174
605,151,174
767,118,174
767,156,174
799,161,174
799,166,174
799,19,175
799,24,175
337,43,175
337,48,175
595,134,0
595,104,3
595,16,6
595,198,144
595,198,171
595,59,174
595,64,174
595,145,174
595,0,175
595,2,175
595,9,175
595,14,175
595,33,175
45,26,0
45,83,0
45,153,6
45,66,27
45,0,37
45,42,53
45,63,85
45,148,157
45,53,175
45,56,175
45,61,175
45,66,175
45,69,175
45,72,175
45,75,175
45,78,175
45,81,175
45,84,175
45,123,175
45,147,175
45,171,175
45,174,175
45,177,175
45,180,175
45,183,175
45,186,175
45,189,175
45,192,175
45,195,175
45,4,176
45,11,176
45,16,176
45,29,176
45,35,176
45,38,176
45,87,176
45,90,176
45,93,176
45,96,176
45,99,176
45,102,176
45,105,176
45,108,176
45,111,176
45,114,176
45,117,176
45,120,176
45,126,176
45,129,176
45,132,176
45,135,176
45,138,176
45,141,176
45,150,176
45,153,176
45,156,176
45,159,176
45,162,176
45,165,176
45,168,176
45,19,177
45,22,177
45,25,177
45,41,177
45,44,177
45,47,177
45,50,177
45,53,178
45,56,178
45,61,178
45,66,178
45,69,178
45,72,178
45,75,178
45,78,178
45,81,178
45,84,178
45,123,178
45,147,178
45,171,178
45,174,178
45,177,178
45,180,178
45,183,178
45,186,178
45,189,178
45,192,178
45,195,178
45,4,179
45,11,179
45,16,179
45,28,179
45,35,179
45,38,179
45,87,179
45,90,179
45,93,179
45,96,179
45,99,179
45,102,179
45,105,179
45,108,179
45,111,179
45,114,179
45,117,179
45,120,179
45,126,179
45,129,179
45,132,179
45,135,179
45,138,179
45,141,179
45,144,179
45,150,179
45,153,179
45,156,179
45,159,179
45,162,179
45,165,179
45,168,179
45,0,180
45,7,180
45,19,180
45,22,180
45,25,180
45,31,180
45,41,180
45,44,180
45,47,180
45,50,180
45,53,181
45,56,181
45,59,181
45,62,181
45,65,181
45,68,181
45,71,181
45,74,181
45,77,181
45,80,181
45,83,181
45,123,181
45,147,181
45,171,181
45,174,181
45,177,181
45,180,181
45,183,181
45,186,181
45,189,181
45,192,181
45,195,181
45,3,182
45,10,182
45,13,182
45,16,182
45,28,182
45,34,182
45,37,182
45,86,182
45,89,182
45,92,182
45,95,182
45,98,182
45,101,182
45,104,182
45,107,182
45,110,182
45,113,182
45,116,182
45,119,182
45,126,182
45,129,182
45,132,182
45,135,182
45,138,182
45,141,182
45,144,182
45,150,182
45,153,182
45,156,182
45,159,182
45,162,182
45,165,182
45,168,182
45,0,183
127,73,3
127,182,9
127,48,55
127,45,68
127,94,91
127,100,91
127,151,98
127,197,182
127,5,183
127,18,183
127,21,183
127,24,183
127,30,183
127,39,183
127,42,183
127,45,183
127,48,183
127,7,184
127,50,184
127,53,184
127,56,184
127,59,184
127,62,184
127,65,184
127,68,184
127,71,184
127,74,184
127,77,184
127,80,184
127,83,184
127,121,184
127,146,184
127,170,184
127,173,184
127,176,184
127,179,184
127,182,184
127,185,184
127,188,184
127,191,184
127,194,184
127,2,185
127,9,185
127,12,185
127,15,185
127,26,185
127,32,185
127,35,185
127,85,185
127,88,185
127,91,185
127,94,185
127,97,185
127,100,185
127,103,185
127,106,185
127,109,185
127,112,185
127,115,185
127,118,185
127,123,185
127,126,185
127,129,185
127,132,185
127,135,185
127,138,185
127,141,185
127,148,185
127,151,185
127,154,185
127,157,185
127,160,185
127,163,185
127,166,185
127,196,185
127,4,186
127,17,186
127,20,186
127,23,186
127,28,186
127,37,186
127,40,186
127,43,186
127,46,186
127,143,186
127,6,187
127,48,187
127,51,187
127,54,187
127,57,187
127,60,187
127,63,187
127,66,187
127,69,187
127,72,187
127,75,187
127,78,187
127,81,187
127,120,187
127,145,187
127,168,187
127,171,187
127,174,187
127,177,187
127,180,187
127,183,187
127,186,187
127,189,187
127,192,187
127,0,188
127,8,188
127,11,188
127,14,188
127,25,188
127,30,188
127,33,188
127,83,188
127,86,188
127,89,188
127,92,188
127,95,188
127,98,188
127,101,188
127,104,188
127,107,188
127,110,188
127,113,188
127,116,188
127,122,188
127,125,188
127,128,188
127,131,188
127,134,188
127,137,188
127,140,188
127,147,188
127,150,188
127,153,188
127,156,188
127,159,188
127,162,188
127,165,188
127,194,188
127,197,188
127,2,189
127,16,189
127,19,189
127,22,189
127,27,189
127,35,189
127,38,189
127,41,189
127,44,189
127,142,189
372,51,142
372,5,190
372,47,190
372,50,190
372,53,190
372,56,190
372,59,190
372,62,190
372,65,190
372,68,190
372,71,190
372,74,190
372,77,190
372,80,190
372,119,190
372,168,190
372,171,190
372,174,190
372,177,190
372,180,190
372,183,190
372,186,190
372,189,190
372,8,191
372,11,191
372,30,191
372,83,191
372,86,191
372,89,191
372,92,191
372,95,191
372,98,191
372,101,191
372,104,191
372,107,191
372,110,191
372,113,191
372,116,191
372,122,191
372,125,191
372,128,191
372,131,191
372,134,191
372,137,191
372,145,191
372,148,191
372,151,191
372,154,191
372,157,191
372,160,191
372,163,191
372,192,191
372,195,191
372,0,192
372,4,192
372,14,192
372,17,192
372,20,192
372,23,192
372,26,192
372,33,192
372,36,192
372,39,192
372,42,192
372,46,192
372,140,192
372,167,192
372,7,193
372,29,193
372,49,193
372,52,193
372,55,193
372,58,193
372,61,193
372,64,193
372,67,193
372,70,193
372,73,193
372,76,193
372,79,193
372,82,193
372,117,193
372,121,193
372,144,193
372,164,193
372,170,193
372,173,193
372,176,193
372,179,193
372,182,193
372,185,193
372,188,193
372,191,193
372,196,193
372,1,194
372,10,194
372,13,194
372,32,194
372,43,194
372,85,194
372,88,194
372,91,194
372,94,194
372,97,194
372,100,194
372,103,194
372,106,194
372,109,194
372,112,194
372,124,194
372,127,194
372,130,194
372,133,194
372,136,194
372,139,194
372,147,194
372,150,194
372,153,194
372,156,194
372,159,194
372,4,195
372,16,195
372,19,195
372,22,195
372,25,195
372,28,195
372,35,195
372,38,195
372,46,195
372,116,195
372,120,195
372,143,195
372,163,195
372,167,195
372,192,195
372,195,195
372,0,196
372,7,196
372,31,196
372,42,196
372,49,196
372,52,196
372,55,196
372,58,196
372,61,196
372,64,196
372,67,196
372,70,196
372,73,196
372,76,196
372,79,196
372,82,196
372,113,196
372,123,196
372,140,196
372,146,196
372,160,196
372,170,196
372,173,196
372,176,196
372,179,196
372,182,196
372,185,196
372,188,196
372,3,197
372,10,197
372,13,197
372,34,197
372,39,197
372,45,197
372,85,197
372,88,197
372,91,197
372,94,197
372,97,197
372,100,197
372,103,197
372,106,197
372,109,197
372,117,197
372,126,197
372,129,197
372,132,197
372,135,197
372,149,197
372,152,197
372,155,197
372,164,197
372,191,197
372,196,197
423,67,0
423,119,53
423,130,55
423,174,68
538,16,2
538,175,61
624,184,24
791,131,89
791,44,112
791,95,112
791,107,112
111,95,0
111,144,8
111,97,12
111,149,58
111,25,129
111,16,198
111,20,198
111,24,198
161,12,12
161,141,198
193,132,82
193,29,198
193,50,198
193,56,198
193,62,198
193,68,198
193,74,198
193,80,198
193,121,198
193,158,198
193,168,198
193,174,198
193,180,198
193,186,198
273,47,47
273,113,198
585,166,85
330,107,0
330,136,6
330,13,22
330,58,33
330,0,48
330,141,50
330,62,55
330,0,68
330,198,118
330,0,156
330,7,176
330,198,176
203,4,0
203,32,0
203,71,0
203,101,0
203,114,0
203,129,0
203,171,1
203,93,7
203,35,8
203,0,10
203,0,17
203,16,17
203,13,19
203,155,27
203,159,33
203,22,34
203,52,34
203,186,40
203,66,43
203,197,52
203,79,55
203,22,64
203,94,77
203,19,79
203,152,90
203,175,97
203,92,100
203,8,106
203,147,111
203,0,125
203,135,125
203,149,125
203,68,129
203,197,134
203,153,157
542,143,5
542,93,10
542,77,16
542,180,17
542,158,23
542,122,45
542,54,52
542,12,53
542,11,62
542,72,62
542,6,64
542,112,65
542,134,65
542,29,87
542,171,91
542,0,92
542,26,92
542,191,169
620,181,2
620,69,4
620,32,48
620,70,57
620,122,62
620,196,66
620,22,96
620,6,198
620,145,198
839,189,0
839,21,15
839,191,20
839,110,28
839,25,50
839,40,57
839,118,78
839,0,96
839,132,105
839,141,105
839,25,106
839,31,110
117,126,0
117,139,0
117,77,2
117,189,3
117,124,6
117,165,6
117,172,12
117,0,13
117,122,16
117,198,32
117,190,33
117,181,34
117,190,46
117,101,49
117,61,51
117,146,55
117,198,82
117,89,91
117,104,100
117,198,106
117,146,132
117,146,137
117,167,138
117,75,153
117,138,197
743,121,31
461,0,0
461,58,0
461,92,0
461,178,0
461,8,2
461,36,2
461,55,2
461,65,2
461,80,2
461,22,3
461,115,3
461,26,5
461,106,5
461,121,5
461,67,7
461,23,9
461,43,9
461,191,9
461,82,11
461,164,11
461,17,12
461,135,12
461,97,13
461,116,13
461,164,14
461,63,15
461,74,15
461,177,15
461,117,16
461,172,16
461,193,17
461,197,17
461,40,19
461,95,19
461,109,19
461,82,21
461,39,23
461,1,24
461,98,25
461,151,25
461,181,25
461,175,27
461,198,27
461,44,28
461,120,28
461,84,32
461,143,32
461,139,36
461,63,39
461,111,39
461,142,39
461,197,41
461,72,43
461,104,43
461,165,43
461,20,45
461,143,45
461,166,45
461,28,46
461,127,49
461,194,49
461,160,51
461,185,52
461,114,54
461,176,56
461,22,57
461,127,57
461,191,57
461,66,58
461,184,58
461,0,60
461,92,61
461,191,62
461,167,63
461,39,64
461,54,64
461,142,64
461,178,65
461,58,66
461,75,67
461,140,69
461,86,73
461,142,74
461,106,77
461,157,78
461,12,82
461,47,82
461,67,82
461,74,82
461,78,82
461,85,82
461,89,82
461,139,82
461,146,83
461,103,87
461,114,92
461,130,92
461,17,96
461,96,97
461,102,97
461,183,98
461,25,99
461,188,99
461,198,99
461,47,100
461,48,102
461,116,102
461,192,102
461,124,105
461,77,106
461,33,107
461,80,111
461,84,111
461,88,111
461,92,111
461,104,111
461,100,112
461,112,112
461,119,114
461,145,118
461,73,119
461,69,120
461,133,122
461,117,123
461,173,123
461,7,125
461,13,125
461,22,125
461,33,125
461,39,125
461,181,127
461,194,127
461,20,128
461,31,128
461,104,132
461,38,135
461,93,135
461,131,138
461,19,139
461,28,139
461,99,139
461,122,139
461,76,140
461,43,142
461,136,143
461,150,144
461,63,145
461,117,145
461,145,145
461,184,152
461,171,154
461,79,156
461,98,156
461,33,157
461,120,157
461,17,158
461,13,159
461,15,162
461,38,162
461,124,165
461,2,166
461,7,166
461,59,179
461,64,179
461,14,180
461,198,180
461,0,186
461,198,191
461,37,198
461,194,198
596,147,20
596,180,28
596,193,36
596,164,53
596,186,76
596,73,89
596,57,157
596,71,157
596,103,157
596,111,158
596,51,159
596,121,159
596,68,160
596,118,163
596,35,165
596,19,174
466,13,0
466,22,0
466,54,0
466,61,0
466,77,0
466,120,0
466,144,0
466,5,6
466,52,6
466,172,6
466,19,7
466,11,9
466,60,11
466,75,11
466,91,12
466,46,13
466,75,13
466,146,14
466,91,16
466,104,16
466,18,22
466,64,22
466,17,28
466,89,28
466,45,31
466,78,31
466,90,31
466,109,35
466,73,36
466,182,37
466,167,38
466,147,39
466,170,40
466,8,41
466,119,41
466,83,43
466,34,46
466,59,48
466,76,48
466,117,48
466,160,48
466,17,49
466,173,49
466,115,51
466,66,52
466,24,55
466,34,55
466,64,55
466,31,57
466,133,60
466,87,61
466,183,61
466,113,62
466,140,62
466,95,65
466,192,65
466,128,67
466,162,69
466,112,70
466,32,72
466,19,73
466,134,74
466,164,77
466,54,78
466,171,78
466,190,78
466,48,79
466,101,79
466,122,79
466,4,80
466,37,80
466,68,80
466,85,80
466,150,80
466,17,84
466,60,84
466,94,84
466,74,85
466,97,85
466,128,85
466,139,85
466,26,86
466,68,87
466,78,89
466,142,89
466,190,89
466,144,90
466,12,91
466,164,93
466,189,93
466,79,95
466,139,95
466,11,97
466,40,98
466,35,100
466,98,100
466,16,102
466,23,102
466,120,103
466,36,104
466,99,104
466,139,108
466,192,108
466,4,109
466,23,109
466,104,109
466,36,112
466,174,114
466,114,117
466,155,117
466,30,124
466,75,124
466,147,129
466,175,129
466,12,130
466,181,130
466,50,134
466,99,135
466,107,135
466,151,142
466,14,144
466,128,157
466,133,157
466,138,157
466,22,159
466,92,159
466,98,159
466,138,159
466,27,160
466,33,160
466,83,160
466,88,160
466,134,160
466,154,160
466,51,162
466,127,162
466,20,164
466,52,164
466,57,164
466,62,164
466,67,164
466,72,164
466,77,164
466,82,164
466,87,164
466,92,164
466,97,164
466,102,164
466,127,164
466,132,164
466,137,164
466,142,164
466,147,164
466,152,164
466,157,164
466,174,164
466,179,164
466,184,164
466,189,164
466,15,165
466,42,168
466,197,168
466,5,169
466,153,169
466,144,185
466,0,199
466,42,199
535,17,0
535,48,0
535,51,0
535,89,0
535,158,0
535,163,0
535,168,0
535,197,0
535,95,1
535,23,2
535,48,2
535,71,2
535,101,2
535,129,2
535,161,2
535,171,3
535,1,4
535,83,4
535,141,4
535,155,4
535,163,4
535,86,5
535,93,5
535,96,5
535,101,5
535,126,5
535,149,5
535,13,6
535,58,6
535,83,6
535,133,6
535,138,6
535,157,6
535,167,6
535,176,6
535,70,7
535,73,7
535,80,7
535,101,7
535,162,7
535,180,7
535,188,7
535,191,7
535,194,7
535,109,8
535,148,8
535,168,8
535,20,9
535,55,9
535,80,9
535,144,9
535,85,10
535,100,10
535,194,10
535,57,11
535,145,11
535,148,11
535,187,11
535,31,12
535,69,12
535,79,12
535,129,12
535,138,12
535,151,12
535,182,12
535,51,13
535,54,13
535,145,13
535,186,13
535,196,13
535,2,14
535,25,14
535,86,14
535,91,14
535,113,14
535,154,14
535,4,15
535,11,15
535,32,15
535,100,15
535,128,15
535,184,15
535,16,16
535,41,16
535,86,16
535,95,16
535,125,16
535,134,16
535,148,16
535,169,16
535,31,17
535,70,17
535,187,17
535,27,18
535,36,18
535,55,18
535,58,18
535,142,18
535,163,18
535,5,19
535,18,19
535,62,19
535,69,19
535,84,19
535,87,19
535,115,19
535,118,19
535,175,19
535,21,20
535,29,20
535,105,20
535,124,20
535,135,20
535,166,20
535,175,21
535,195,21
535,1,22
535,40,22
535,50,22
535,108,22
535,133,22
535,181,22
535,10,23
535,46,23
535,134,23
535,188,23
535,76,24
535,81,24
535,128,24
535,178,24
535,5,25
535,88,25
535,158,25
535,171,25
535,162,26
535,87,27
535,168,27
535,190,27
535,4,28
535,24,28
535,35,28
535,79,28
535,124,28
535,137,28
535,147,28
535,159,28
535,167,28
535,52,29
535,80,29
535,104,29
535,117,29
535,131,29
535,134,29
535,164,29
535,197,29
535,8,30
535,31,30
535,51,30
535,140,30
535,181,30
535,3,31
535,21,31
535,30,31
535,33,31
535,75,31
535,97,31
535,101,31
535,112,31
535,152,31
535,169,31
535,38,32
535,42,32
535,126,32
535,131,32
535,173,32
535,18,33
535,52,33
535,109,33
535,116,33
535,147,33
535,10,34
535,44,34
535,90,34
535,4,35
535,35,35
535,47,35
535,69,35
535,115,35
535,121,35
535,126,35
535,155,35
535,159,35
535,27,36
535,131,36
535,189,36
535,13,37
535,18,37
535,41,37
535,76,37
535,102,37
535,133,37
535,163,37
535,172,37
535,49,38
535,81,38
535,90,38
535,96,38
535,110,38
535,197,38
535,60,39
535,127,39
535,27,40
535,42,40
535,48,40
535,80,40
535,155,40
535,4,41
535,37,41
535,69,41
535,94,41
535,161,41
535,193,41
535,0,42
535,38,42
535,100,42
535,103,42
535,135,42
535,146,42
535,185,42
535,4,43
535,12,43
535,55,43
535,60,43
535,141,43
535,31,44
535,98,44
535,151,44
535,191,44
535,78,45
535,87,45
535,150,45
535,172,45
535,71,46
535,131,46
535,38,47
535,110,47
535,147,47
535,177,47
535,71,49
535,107,49
535,59,50
535,65,50
535,143,50
535,156,50
535,97,51
535,108,51
535,121,51
535,16,52
535,76,52
535,105,52
535,131,52
535,24,53
535,115,53
535,155,53
535,182,53
535,31,54
535,97,54
535,19,55
535,51,55
535,59,55
535,72,55
535,84,55
535,111,55
535,127,55
535,138,55
535,143,55
535,156,55
535,166,55
535,169,55
535,191,55
535,194,55
535,2,56
535,14,56
535,29,56
535,45,56
535,102,56
535,115,56
535,123,56
535,186,56
535,56,57
535,136,57
535,149,57
535,155,57
535,165,57
535,170,57
535,181,57
535,2,58
535,12,58
535,15,58
535,27,58
535,37,58
535,57,58
535,75,58
535,92,58
535,100,58
535,118,58
535,124,58
535,141,58
535,158,58
535,173,58
535,194,58
535,17,59
535,46,59
535,86,59
535,130,59
535,140,59
535,166,59
535,169,59
535,174,59
535,179,59
535,5,60
535,10,60
535,20,60
535,25,60
535,30,60
535,36,60
535,41,60
535,58,60
535,61,60
535,68,60
535,73,60
535,99,60
535,143,60
535,189,60
535,49,61
535,119,61
535,158,61
535,165,61
535,194,61
535,19,62
535,44,62
535,81,62
535,99,62
535,151,62
535,2,63
535,100,63
535,112,63
535,162,63
535,172,63
535,178,63
535,198,63
535,14,64
535,46,64
535,92,64
535,131,64
535,139,64
535,149,64
535,182,64
535,16,65
535,29,65
535,34,65
535,47,65
535,84,65
535,120,65
535,128,65
535,181,65
535,19,66
535,26,66
535,52,66
535,66,66
535,73,66
535,100,66
535,127,66
535,12,67
535,105,67
535,157,67
535,164,67
535,180,67
535,183,67
535,188,67
535,139,68
535,193,68
535,2,69
535,9,69
535,20,69
535,53,69
535,67,69
535,70,69
535,86,69
535,123,69
535,133,69
535,148,69
535,187,69
535,38,70
535,75,71
535,103,71
535,117,71
535,134,71
535,137,71
535,184,71
535,198,71
535,39,72
535,139,72
535,176,72
535,61,73
535,98,73
535,111,73
535,125,73
535,158,73
535,75,74
535,108,74
535,116,75
535,182,76
535,16,77
535,47,77
535,136,77
535,153,77
535,111,78
535,63,79
535,90,79
535,149,79
535,153,79
535,161,79
535,57,80
535,91,80
535,145,80
535,167,80
535,182,80
535,186,80
535,0,81
535,118,81
535,56,82
535,61,82
535,95,82
535,120,82
535,143,82
535,101,83
535,113,83
535,125,83
535,50,84
535,114,84
535,154,84
535,158,84
535,162,84
535,169,84
535,180,84
535,191,84
535,6,85
535,39,85
535,54,85
535,57,85
535,91,85
535,108,85
535,163,85
535,184,85
535,188,85
535,2,86
535,10,86
535,111,86
535,132,86
535,12,87
535,46,87
535,49,87
535,77,87
535,100,87
535,110,87
535,119,87
535,124,87
535,131,87
535,142,87
535,147,87
535,167,87
535,36,88
535,43,88
535,51,88
535,93,88
535,135,88
535,18,89
535,166,89
535,8,90
535,123,90
535,149,90
535,180,90
535,197,90
535,9,91
535,69,91
535,73,91
535,86,91
535,108,91
535,156,91
535,160,91
535,177,91
535,187,91
535,6,92
535,16,92
535,32,92
535,44,92
535,143,92
535,147,92
535,67,93
535,84,93
535,106,93
535,151,93
535,171,93
535,180,93
535,26,94
535,194,94
535,48,95
535,93,95
535,99,95
535,105,95
535,113,95
535,179,95
535,188,95
535,40,96
535,54,96
535,67,96
535,71,96
535,75,96
535,118,96
535,131,96
535,135,96
535,151,96
535,155,96
535,159,96
535,163,96
535,167,96
535,171,96
535,175,96
535,184,96
535,193,96
535,46,97
535,86,97
535,91,97
535,119,97
535,186,97
535,195,97
535,4,98
535,22,98
535,31,98
535,156,98
535,160,98
535,164,98
535,168,98
535,172,98
535,192,98
535,10,99
535,109,99
535,112,99
535,120,99
535,123,99
535,132,99
535,135,99
535,138,99
535,141,99
535,144,99
535,147,99
535,178,99
535,0,100
535,4,100
535,14,100
535,18,100
535,22,100
535,29,100
535,32,100
535,42,100
535,50,100
535,55,100
535,59,100
535,63,100
535,67,100
535,71,100
535,75,100
535,79,100
535,83,100
535,87,100
535,128,100
535,182,100
535,97,101
535,101,101
535,41,102
535,126,102
535,154,102
535,158,102
535,162,102
535,166,102
535,170,102
535,174,102
535,0,103
535,4,103
535,8,103
535,18,103
535,25,103
535,52,103
535,56,103
535,60,103
535,64,103
535,68,103
535,72,103
535,76,103
535,106,103
535,110,103
535,133,103
535,142,103
535,178,103
535,182,103
535,186,103
535,196,103
535,12,104
535,80,104
535,146,104
535,158,104
535,162,104
535,166,104
535,170,104
535,174,104
535,0,105
535,4,105
535,8,105
535,25,105
535,39,105
535,52,105
535,56,105
535,60,105
535,64,105
535,68,105
535,72,105
535,76,105
535,106,105
535,182,105
535,196,105
535,40,106
535,149,106
535,16,107
535,108,107
535,118,107
535,184,107
535,19,108
535,48,108
535,131,108
535,143,110
535,27,111
535,117,111
535,121,111
535,128,111
535,144,111
535,153,111
535,157,111
535,161,111
535,165,111
535,169,111
535,173,111
535,177,111
535,187,111
535,1,112
535,13,112
535,20,112
535,50,112
535,54,112
535,58,112
535,62,112
535,66,112
535,131,112
535,180,112
535,4,113
535,23,113
535,29,113
535,117,113
535,157,113
535,161,113
535,165,113
535,169,113
535,173,113
535,183,113
535,50,114
535,54,114
535,58,114
535,62,114
535,129,114
535,185,114
535,5,115
535,11,115
535,21,115
535,64,115
535,94,116
535,175,116
535,187,116
535,192,116
535,152,117
535,105,118
535,176,118
535,96,119
535,24,120
535,50,120
535,111,120
535,62,121
535,128,121
535,33,122
535,77,122
535,165,122
535,169,122
535,182,122
535,4,123
535,10,123
535,16,123
535,28,123
535,42,123
535,50,123
535,54,123
535,58,123
535,67,123
535,140,123
535,186,123
535,87,124
535,91,124
535,101,124
535,104,124
535,132,124
535,135,124
535,146,124
535,149,124
535,3,125
535,64,125
535,174,125
535,159,126
535,66,127
535,89,127
535,165,127
535,118,128
535,187,128
535,168,129
535,198,129
535,25,130
535,50,131
535,86,131
535,92,131
535,96,131
535,130,131
535,76,132
535,97,132
535,3,133
535,7,133
535,30,133
535,34,133
535,38,133
535,67,133
535,135,133
535,157,133
535,168,133
535,175,133
535,179,133
535,15,134
535,42,134
535,56,134
535,62,134
535,70,134
535,123,134
535,160,134
535,183,134
535,3,135
535,7,135
535,19,135
535,30,135
535,34,135
535,33,136
535,55,136
535,84,136
535,109,136
535,128,136
535,161,137
535,176,137
535,193,137
535,37,138
535,53,138
535,79,138
535,104,138
535,175,138
535,6,139
535,112,140
535,126,140
535,141,140
535,154,140
535,47,141
535,79,141
535,96,141
535,102,141
535,105,141
535,109,141
535,176,141
535,62,142
535,73,142
535,110,142
535,165,142
535,67,143
535,121,143
535,87,144
535,91,144
535,95,144
535,29,145
535,47,145
535,78,145
535,155,145
535,71,146
535,164,146
535,21,147
535,51,147
535,82,147
535,105,147
535,156,147
535,74,148
535,120,148
535,148,148
535,28,149
535,69,149
535,100,149
535,31,150
535,189,150
535,108,151
535,113,151
535,73,152
535,84,152
535,149,152
535,143,153
535,156,153
535,30,154
535,160,156
535,168,156
535,188,156
535,35,157
535,45,157
535,65,157
535,187,157
535,194,157
535,38,158
535,48,158
535,106,158
535,190,158
535,8,159
535,41,159
535,63,159
535,77,159
535,183,159
535,195,159
535,56,160
535,118,160
535,165,160
535,171,160
535,20,161
535,43,161
535,93,161
535,123,161
535,132,161
535,0,162
535,5,162
535,10,162
535,21,162
535,28,162
535,33,162
535,44,162
535,57,162
535,62,162
535,67,162
535,72,162
535,77,162
535,82,162
535,87,162
535,92,162
535,110,162
535,115,162
535,124,162
535,166,162
535,169,162
535,197,162
535,2,163
535,7,163
535,12,163
535,17,163
535,25,163
535,30,163
535,35,163
535,40,163
535,162,163
535,48,164
535,40,165
535,45,165
535,109,165
535,114,165
535,119,165
535,164,165
535,169,165
535,12,166
535,27,166
535,32,166
535,154,166
535,166,166
535,178,166
535,183,166
535,10,167
535,26,167
535,29,167
535,36,167
535,41,167
535,109,167
535,114,167
535,153,167
535,158,167
535,177,167
535,182,167
535,187,167
535,193,167
535,20,168
535,37,168
535,53,168
535,58,168
535,63,168
535,68,168
535,73,168
535,78,168
535,83,168
535,88,168
535,93,168
535,98,168
535,103,168
535,108,168
535,113,168
535,123,168
535,133,168
535,138,168
535,143,168
535,13,169
535,30,169
535,161,169
535,166,169
535,0,170
535,25,170
535,123,170
535,148,170
535,176,170
535,181,170
535,2,171
535,5,171
535,10,171
535,15,171
535,20,171
535,27,171
535,30,171
535,35,171
535,40,171
535,92,171
535,97,171
535,102,171
535,107,171
535,124,171
535,127,171
535,150,171
535,175,171
535,180,171
535,120,172
535,146,172
535,185,172
535,190,172
535,195,172
535,0,173
535,7,173
535,12,173
535,17,173
535,22,173
535,28,173
535,32,173
535,37,173
535,42,173
535,48,173
535,53,173
535,88,173
535,151,173
535,38,175
535,87,175
535,41,176
535,31,179
535,8,183
535,51,183
535,124,184
535,169,185
535,31,186
535,119,188
535,145,190
535,192,190
535,0,191
535,14,191
535,25,191
535,33,191
535,140,191
535,166,191
535,143,192
535,115,194
535,162,194
535,194,194
535,41,195
535,198,196
535,158,197
535,16,199
535,20,199
535,24,199
535,48,199
535,54,199
535,60,199
535,66,199
535,72,199
535,78,199
535,162,199
535,172,199
535,178,199
535,184,199
